821
4210
3287
6228
60
9333
7151
594
2519
4529
9465
1787
3678
4514
4054
9882
89
4761
9733
5953
6107
1657
7822
6261
6812
782
7482
5878
7669
7818
3823
666
6340
2461
8666
1269
5568
6097
4613
1814
8886
2320
7000
817
4673
4370
4155
9428
745
9414
5402
4441
3458
5852
8353
3767
8261
7837
2134
6277
3147
4360
5031
8269
9782
4298
9864
4568
4842
8873
831
7739
1048
5629
5483
5070
4076
7996
4478
629
9756
720
8667
1229
1297
6167
3370
8596
8178
5894
1881
9973
8379
5211
2957
4143
877
6238
1222
2082
3167
1378
7296
8389
3538
3566
6405
9254
6626
2563
4640
9839
1160
2986
3053
7441
5468
9532
3341
3568
5176
1644
3653
4779
3544
4356
5525
918
3469
3883
950
182
2257
3568
8781
7960
9141
7094
6204
5694
5719
1212
8840
2311
7775
5032
4565
2554
3735
1231
1997
4559
2555
1123
319
6234
3270
3898
7620
5797
1868
9303
5901
7000
4486
2631
7081
232
1224
6650
6579
697
5343
283
4167
5585
118
14
165
8155
3415
7318
830
8901
3614
4016
876
1254
5113
5871
1598
2879
476
6804
5696
1293
7490
3162
6441
888
4782
8524
2590
2764
9486
5716
3492
4241
1393
912
2194
4473
5455
5922
2789
7013
4855
3733
5422
5476
7238
7544
6102
457
9603
4600
8289
3096
6952
9726
9904
8446
1834
8625
2929
3642
25
874
4593
6203
2275
115
6897
7031
9747
2122
4038
981
5368
504
778
1655
3600
5656
8401
4424
2787
2166
438
830
5179
4822
1123
2220
7441
1230
2431
6759
7363
3537
2098
7699
2593
9129
6868
9721
7832
9936
5732
7
2230
5643
885
820
4811
1428
306
6654
5712
658
5953
4914
2578
2199
614
791
9111
2534
5134
8376
2385
9855
5676
6940
5632
2392
449
7060
6705
4105
5748
9984
2084
8964
8657
2590
4620
864
2333
320
7584
7265
7912
537
6542
3557
2059
8196
7775
9069
3905
8944
8454
8278
5490
236
273
4035
5979
1099
6498
1833
6777
4660
7912
2774
6403
2969
4774
3119
4152
5842
6789
6261
8654
6806
2437
8835
3065
2629
5806
9159
748
4484
6358
6938
394
3045
8347
3214
165
5635
6559
659
9784
8087
4564
8070
1216
6586
4685
5110
9492
9048
6324
1300
8326
8829
5642
9078
8658
4639
7417
2888
3683
8039
9557
7233
549
9949
5345
1453
501
4255
5277
9004
7476
5021
6909
3670
3514
1940
6645
5001
8424
2678
6209
7921
3926
8883
145
4514
6539
2294
6226
7813
5114
333
1303
6381
5625
1318
4582
1381
8142
9203
3839
2840
9618
8138
3911
380
1511
7452
3139
171
438
8464
9312
128
2288
7675
4687
9931
1431
557
6029
5888
6901
507
3009
8898
4586
7957
3791
9240
9299
5972
8329
5034
9989
9426
8965
8906
9642
517
9834
4065
178
7833
516
7189
1818
5769
9911
3380
8474
5626
8736
5327
3144
5109
838
5286
9291
8926
8672
556
2634
6949
9280
823
8018
6761
9005
8214
8454
1012
5006
7519
9649
8727
2946
7204
1815
7682
5773
7585
8425
3600
4685
3541
9800
1757
4491
4091
3345
3557
6300
9700
1510
6075
1447
546
301
4530
7841
6003
8465
5916
7476
5320
230
92
1182
3601
2299
8026
6438
7512
952
466
9
6902
119
2825
1506
2133
6511
6782
8201
7076
4954
7273
4690
272
5721
1203
4886
7605
9934
3105
2863
897
1174
6142
4236
1105
2378
5859
1652
5099
5274
4534
3800
9831
570
3789
9985
4458
6265
2173
5033
6560
1724
5651
7781
2389
4234
254
6096
6193
2144
9655
9171
5294
7093
9231
5519
4759
1815
9075
8445
3806
7956
9358
7597
3274
6229
7132
8844
8796
3973
7478
3649
1500
5647
590
6021
565
4661
6025
7586
5049
8605
7684
9748
1570
6262
6964
813
8295
9384
766
1061
7623
9801
3583
222
2644
8412
9034
1765
9887
901
3276
2244
973
2439
4429
6373
4547
5198
7526
6193
2915
7160
3753
8407
1730
8173
7105
3096
6501
2528
215
8510
2584
5438
9518
5053
5146
8260
8908
5170
9001
2509
6837
3288
8245
2264
2101
57
276
4824
5418
6097
3281
8725
6636
8271
9890
831
8474
8213
4229
7459
8450
7662
3701
2007
4029
9695
6431
671
773
6230
3435
8114
1923
8063
7610
2822
1769
6182
2667
6487
7753
758
5817
7415
5120
9952
5269
944
595
1991
2107
6101
308
5704
8051
2294
2769
920
3127
9602
1129
1125
2172
8695
2732
6414
5311
69
1006
6607
8989
3888
9015
1732
799
6468
3226
8990
9664
6691
7440
3476
6188
3338
3888
2737
9494
9682
3070
3883
9286
5602
5149
9012
3262
5617
8498
8105
8840
3929
1271
3608
5038
6391
7800
9150
261
5551
4525
9918
6502
5965
1812
4334
3354
2998
7211
1852
1570
7661
1927
7437
7633
7409
3700
7046
3718
2899
8458
5604
5737
7174
8744
5125
8257
4015
2383
5561
2160
348
222
4995
3436
3665
7477
7898
7963
5085
632
413
5546
5627
4546
1955
266
389
8819
5583
4792
4994
9368
1314
8999
8352
6294
7403
9883
4077
2226
1305
7605
2463
1872
2274
6646
9876
3686
8972
1538
9859
2811
4104
2995
7361
4322
1358
6055
2544
5549
3620
7991
5410
7024
6232
5508
4235
4500
6029
7936
4260
7364
6898
1094
9836
567
3869
5848
7097
8394
5159
5459
7756
4073
5825
6353
6851
7034
1317
1003
7496
5623
8999
3656
710
4806
5754
6742
9963
8278
847
8980
6521
9144
6136
6537
7607
632
8026
7365
2005
6582
593
7651
4269
869
2077
3879
3028
944
1770
841
6799
6820
2382
9454
899
2702
4204
6832
2356
801
85
3562
2831
3444
7966
4513
7476
5446
2332
738
859
8207
9548
2260
792
4676
5823
1786
6440
2982
8195
9304
987
5928
3277
3198
716
523
977
4790
3627
8552
6596
7718
811
1578
8137
3427
7639
7653
1672
4210
8368
3015
573
4284
3954
1177
1436
2525
2133
8145
4498
3081
3726
5496
9014
3820
837
9843
8239
3276
8258
9904
9663
9918
9441
5455
7853
145
6628
6906
5441
2810
8568
4179
9560
701
1855
9416
711
7542
4460
389
3835
833
8222
6071
255
7484
7283
7416
9288
4102
4878
5772
682
6900
7364
4199
3966
9936
431
5769
6795
9086
4565
551
1568
333
9731
5574
964
7126
7171
6726
932
1461
7678
5882
2139
1041
730
848
1185
6761
3059
2977
3594
6588
3976
1238
5359
4133
6349
7620
5754
5490
1118
2199
7002
5615
3347
8727
8663
3796
830
3768
5151
1832
1649
468
3855
6976
4973
5869
5341
8152
8758
3202
1890
4620
1346
3808
8981
2499
0
9074
7042
1049
5253
2934
3834
264
2881
9341
4324
882
2928
5583
7777
3086
6461
5289
9262
9212
5297
8564
5074
9926
2921
6547
4838
646
3382
4809
4772
8734
13
8980
2600
9000
5134
8698
8772
9930
9826
1518
4704
4773
6158
5887
4510
4379
565
4638
7820
8778
457
26
1122
1625
8610
6089
8523
4478
1367
4245
1184
8106
8696
1008
6256
8706
8863
7526
4348
4155
9915
1742
9902
2368
4780
8844
5002
9795
4909
1638
3741
3854
1050
8785
3314
7652
8707
2567
1635
3082
2153
5847
4189
795
9318
1866
8476
9228
2329
3613
5077
1181
3646
6656
6003
3817
7388
1369
1256
7290
9192
6438
6389
6027
5960
2029
5478
172
7553
3602
2308
9164
9073
7749
4990
9254
4905
3220
9506
2842
5250
5540
1300
6086
2721
1128
9793
8833
7781
5932
5646
8917
300
2785
793
1878
6133
2708
273
4899
3041
1277
642
6968
3747
1985
4872
7629
5542
6437
5541
6559
8014
9664
5741
7993
550
747
4558
4655
9513
4855
1566
6854
8508
7259
220
1715
1848
3657
7273
1871
997
5196
8751
2371
6018
8993
6047
7910
3410
62
9513
6176
9536
3075
1396
7898
2323
12
2413
5685
1260
1472
3708
1411
9516
537
4403
5398
6483
3968
832
3699
851
260
1793
2065
3843
8231
9639
7316
8207
2965
6675
8449
4045
9842
252
1118
8074
4143
8787
7480
3043
9129
1790
5903
4256
4142
641
8962
4602
5084
4987
4210
9934
8024
2043
8806
4137
4616
5075
4987
7619
5630
9509
389
3336
7761
3467
3863
2737
7401
5075
4315
5266
1639
2134
8094
6284
5455
9738
9275
3842
8323
2605
5522
7305
3725
3138
8453
5337
8376
2152
6399
7216
9804
7317
8322
918
276
2243
6331
3787
6909
5329
2035
8492
2398
7306
8261
4244
7391
2930
4903
287
3751
9804
2791
682
6070
9000
4147
2678
8139
6266
9781
5404
899
6071
4185
5018
7023
6649
2621
203
5696
5713
708
9685
482
7115
8662
1100
8098
941
2296
8340
6157
7322
9155
4771
1623
3059
5668
725
4485
5373
9311
7801
1447
9294
9841
9017
3189
1360
2705
3751
293
3400
2689
130
6359
6864
2215
3720
3565
5920
5490
1638
2250
7980
8364
2714
8437
8503
9707
2265
9562
6597
7619
4909
6365
6510
7548
7222
204
9470
1915
626
2145
4585
5903
1575
800
3308
7978
3004
2947
1726
9243
6440
4944
2166
9476
7986
6979
3286
7213
2567
9997
1733
8708
3674
3865
9067
8574
646
6183
9573
31
9887
3575
2888
2530
535
9891
5970
5973
716
8569
6284
7557
3358
1716
4811
1009
8463
6662
7254
6925
3651
7508
9698
3830
1398
5470
6233
3388
1773
2297
3498
4113
3332
267
3225
9261
3399
2291
9959
8684
7676
4178
2284
2004
1694
2618
273
3510
132
9665
8346
2464
5808
2929
8816
2253
8260
8848
557
6330
8510
8775
273
4454
7428
4658
8769
2965
1578
2595
5759
9313
1489
4227
9012
846
7385
2485
8826
9815
5671
2120
8343
1962
898
3354
2403
4157
5703
3524
666
9164
9837
3302
6013
1825
2227
3135
4323
2510
3941
6952
7949
5657
3741
7758
7112
7124
6406
4571
2011
6441
9835
7312
4047
303
5598
1745
9598
3835
1557
3869
6165
2757
1455
3512
995
8534
9637
8743
9140
5051
9035
4775
7255
2617
1333
7786
8938
3789
9062
4719
2167
4414
3492
1517
8824
1202
4664
6139
7735
9609
193
383
1728
9402
2312
1074
5479
8073
6782
3917
9798
1185
2961
2706
5039
6803
9981
2696
1040
619
9616
5204
948
6780
7174
1857
2406
952
3203
7549
6304
8525
7663
7439
9649
1503
3835
4328
7997
5054
8850
2501
3343
4564
8922
4686
6666
9533
906
318
7629
5475
7877
7232
7428
4597
3141
4226
5515
4836
9907
281
574
8698
2691
8369
8875
903
6396
8862
1577
4553
1364
1796
8850
6855
4875
623
9196
7578
6174
4960
8885
5465
3292
7685
7900
559
741
388
8301
1435
4702
9075
4228
1972
4400
7959
3443
3639
2129
3128
7966
4447
314
2813
884
2447
3111
5753
7816
1358
6158
9809
2141
7840
55
888
7152
4621
282
1498
4399
5137
4645
6897
584
4112
3324
9463
5516
8979
4971
7273
9666
6338
4408
2580
567
7680
8755
6720
3907
5358
2127
3253
2360
941
2138
7325
6836
4676
2776
4456
7989
185
606
4950
8364
7184
9962
1845
6058
2942
3424
9031
9959
4888
8704
8174
9489
7117
6547
9287
1025
8812
4595
9617
4682
4868
1930
1960
731
998
6563
5619
1892
104
3133
9702
6997
5833
7566
596
9169
9885
532
8100
6289
3844
3207
3743
1094
6107
4778
3716
3334
5790
336
1112
2488
184
1611
8573
2634
3849
7919
3694
415
7026
8149
8612
2695
9392
1532
5144
406
6547
3866
6774
1638
1546
5537
2906
5032
4029
7388
9881
5606
3783
5272
1503
2244
2958
5312
48
3845
7679
9360
2701
6074
731
1851
854
9717
4232
6664
7126
3356
1589
5447
6351
3704
4767
8562
8611
7117
2073
4286
4652
7556
2635
497
1801
3748
6761
3197
2917
9632
254
3002
4117
4714
8662
6371
8750
404
7365
9286
657
6551
2055
5311
6020
2093
9445
4814
3087
3176
2512
3348
9007
6918
6446
525
506
8092
6542
6327
3264
6239
2969
4194
26
9777
119
9103
1377
3224
3115
4394
9950
4987
6269
4068
2250
4374
4226
3161
6881
4862
761
2529
119
1438
4052
8450
4935
8318
3105
610
5940
3093
6901
330
5454
3349
5076
6582
7940
2293
6447
3193
560
3741
7306
4653
1459
8138
3592
2264
9885
1121
3510
5418
6825
8800
2482
8611
6147
3216
5686
8017
1623
4871
9236
8055
2535
5402
815
8234
6137
8559
6531
4725
1755
2672
1011
4812
500
2860
1229
2637
9688
5399
8572
7842
55
7106
7098
4403
2258
9333
7152
5945
9755
8633
9083
1053
3977
6978
2252
5631
2069
2457
1693
1539
9812
1336
4715
6901
9472
2479
7316
5501
21
8372
9183
7918
310
3398
3906
1848
7241
9650
7171
9245
6758
2574
9887
7297
3767
4419
209
8106
8780
9049
5408
9447
2302
1338
9431
3149
2349
4840
8882
1181
6537
2762
7170
6209
2793
3697
301
3701
4332
6010
5301
4994
7290
924
4995
8517
1653
6576
7696
5487
5393
289
6384
4965
5198
7129
171
1736
6414
8315
9625
8751
9975
1119
7882
2160
9590
3655
2575
8381
462
9153
9336
3579
780
3029
779
4670
5928
366
7933
33
9482
4117
8881
2258
8262
8713
4202
7401
2086
8939
1727
8072
1251
9190
7626
8622
7744
9900
9980
1334
9891
6027
2641
1581
3840
4126
3595
5217
9859
1072
4030
84
9082
2571
9687
2352
3261
5630
6490
8404
2507
7438
6310
4829
162
4019
1927
1968
1547
1187
6488
3907
9679
2940
5923
7323
4170
6651
7255
7152
9131
9226
8501
2781
3476
2245
7351
4564
8565
6365
9548
8015
6335
5814
5892
6064
7079
2363
4533
169
9914
1874
4648
72
8007
4233
9619
3754
3182
5935
2452
8913
355
1296
2694
1328
6206
7304
643
1139
7522
921
4951
1403
6536
5720
5484
3447
5431
2753
5351
6462
7026
3435
6063
2553
7167
4901
2741
1166
1871
4688
2916
214
7759
1543
6871
3088
6970
2136
1985
3151
1465
9766
9245
2478
7912
1800
7442
548
8117
3417
7378
9219
8056
8434
6800
4906
2922
8741
3148
8186
3651
5376
141
6821
9060
9441
3961
466
5757
2089
2116
8685
8237
5817
5170
8956
6980
8569
3211
6909
8358
8440
2554
2811
7214
8765
6721
9487
1244
3148
9693
8146
8541
7876
7410
6656
581
4629
7507
7081
9388
5614
5008
8754
1714
7509
4588
2776
6000
7936
6105
4356
6237
1408
7427
9274
73
3630
5494
6652
6137
9566
6860
3595
7024
4079
7799
4493
9671
244
7863
4970
6761
8957
3081
9008
4141
190
9405
5111
2176
1
8162
1999
8862
264
4224
5429
5373
1802
5233
917
7415
463
1964
4425
7282
6823
5264
7167
4477
1908
6234
1672
5577
6968
1027
2845
6753
5080
6922
5772
888
7328
8153
6049
3390
5857
5381
9040
2990
9157
5367
9166
2263
2899
5923
2383
8181
1310
5106
8185
6555
3208
2384
3624
4112
2692
6163
6779
8627
1960
8710
2748
9627
5329
4482
7501
3792
